879.36
369.17
733.84
69.92
164.73
93.0
701.1
834.30
512.73
425.47
419.1
879.54
160.17
478.73
911.26
418.50
45.72
695.94
153.34
246.30
307.47
345.81
577.46
235.82
792.38
26.5
564.96
833.21
547.81
165.86
953.84
568.40
321.1
516.48
532.23
548.55
70.61
662.68
543.89
955.63
448.15
513.21
184.75
552.84
317.55
808.37
102.35
179.16
240.61
614.44
900.39
254.84
981.55
826.25
632.20
276.89
12.44
667.63
308.27
317.58
3.79
188.91
389.69
530.95
331.95
769.48
288.74
648.32
574.69
618.19
875.31
478.75
14.67
269.95
969.43
409.58
136.94
87.16
845.78
905.92
127.42
764.24
729.19
10.14
379.45
819.15
302.10
845.37
986.24
101.83
198.13
110.1
246.41
287.75
501.52
583.23
159.44
379.40
253.63
620.47
928.23
212.79
946.50
656.91
460.56
945.92
25.29
701.2
865.60
567.35
390.81
847.4
957.41
396.60
892.98
762.45
751.44
576.76
837.41
192.52
966.3
580.89
482.81
463.77
525.92
710.61
541.56
977.50
53.73
595.51
676.15
715.25
380.47
693.72
6.73
736.36
35.6
789.39
601.60
678.41
756.77
497.18
986.68
255.76
979.81
759.77
637.3
761.2
346.75
345.33
485.38
568.58
200.5
353.8
413.56
626.10
90.57
709.74
757.7
961.98
265.6
668.4
807.54
181.92
180.67
312.24
305.25
970.35
991.41
52.61
948.59
589.99
58.72
127.92
884.64
378.33
443.89
104.99
216.58
257.10
414.64
377.11
498.25
222.81
939.55
669.63
239.62
848.25
191.62
533.39
400.30
787.95
45.70
847.26
896.6
270.72
579.7
319.60
94.29
607.13
