--------------------------------------------------------------------------------
  расчет коэф. модели A=-0.00  B=0.99  C=-0.00  D=-0.15  
sigma0 = 0.00054  kz = 1.50
--------------------------------------------------------------------------------
  точка  мат.модель  реал.процесс  погрешность  sigma  
--------------------------------------------------------------------------------
-0.900      -0.785      -0.783       0.002        ---  
-0.850      -0.752      -0.752       0.000        ---  
-0.800      -0.718      -0.719       0.001        ---  
-0.750      -0.682      -0.686       0.004        ---  
-0.700      -0.644      -0.643       0.001        ---  
-0.650      -0.605      -0.605       0.001        ---  
-0.600      -0.564      -0.561       0.002        ---  
-0.550      -0.521      -0.523       0.001        ---  
-0.500      -0.478      -0.475       0.003        ---  
-0.450      -0.433      -0.436       0.002        ---  
-0.400      -0.388      -0.385       0.003        ---  
-0.350      -0.341      -0.342       0.001        ---  
-0.300      -0.294      -0.291       0.003        ---  
-0.250      -0.246      -0.251       0.005        ---  
-0.200      -0.197      -0.195       0.003        ---  
-0.150      -0.149      -0.153       0.004        ---  
-0.100      -0.099      -0.101       0.002        ---  
-0.050      -0.050      -0.048       0.002        ---  
0.000      -0.000       0.002       0.002        ---  
0.050       0.049       0.049       0.001        ---  
--------------------------------------------------------------------------------
0.100       0.099       0.096       0.003       0.001
0.150       0.148       0.147       0.001       0.001
0.200       0.197       0.197       0.000       0.001
0.250       0.245       0.245       0.001       0.001
0.300       0.293       0.291       0.003       0.001
0.350       0.340       0.348       0.007       0.001
0.400       0.387       0.393       0.007       0.001
0.450       0.432       0.438       0.006       0.001
0.500       0.477       0.476       0.001       0.001
0.550       0.520       0.519       0.000       0.001
0.600       0.562       0.562       0.000       0.001
0.650       0.603       0.609       0.007       0.001
0.700       0.642       0.647       0.006       0.001
--------------------------------------------------------------------------------
  расчет коэф. модели A=-0.00  B=1.00  C=-0.01  D=-0.14  
sigma0 = 0.00069  kz = 1.50
--------------------------------------------------------------------------------
  точка  мат.модель  реал.процесс  погрешность  sigma  
--------------------------------------------------------------------------------
-0.250      -0.248      -0.251       0.002        ---  
-0.200      -0.199      -0.195       0.004        ---  
-0.150      -0.150      -0.153       0.003        ---  
-0.100      -0.100      -0.101       0.001        ---  
-0.050      -0.050      -0.048       0.003        ---  
0.000      -0.000       0.002       0.002        ---  
0.050       0.049       0.049       0.001        ---  
0.100       0.099       0.096       0.003        ---  
0.150       0.149       0.147       0.001        ---  
0.200       0.198       0.197       0.001        ---  
0.250       0.246       0.245       0.001        ---  
0.300       0.294       0.291       0.004        ---  
0.350       0.342       0.348       0.006        ---  
0.400       0.389       0.393       0.005        ---  
0.450       0.434       0.438       0.003        ---  
0.500       0.479       0.476       0.003        ---  
0.550       0.523       0.519       0.003        ---  
0.600       0.565       0.562       0.004        ---  
0.650       0.606       0.609       0.003        ---  
0.700       0.646       0.647       0.001        ---  
--------------------------------------------------------------------------------
0.750       0.685       0.680       0.004       0.001
0.800       0.721       0.720       0.002       0.001
0.850       0.756       0.755       0.001       0.001
0.900       0.789       0.000       0.789       0.039
--------------------------------------------------------------------------------
  расчет коэф. модели A=0.01  B=0.00  C=4.29  D=-4.31  
sigma0 = 0.02599  kz = 1.50
--------------------------------------------------------------------------------
  точка  мат.модель  реал.процесс  погрешность  sigma  
--------------------------------------------------------------------------------
-0.050       0.023      -0.048       0.071        ---  
0.000       0.012       0.002       0.011        ---  
0.050       0.023       0.049       0.026        ---  
0.100       0.051       0.096       0.045        ---  
0.150       0.095       0.147       0.053        ---  
0.200       0.150       0.197       0.047        ---  
0.250       0.214       0.245       0.031        ---  
0.300       0.283       0.291       0.008        ---  
0.350       0.354       0.348       0.006        ---  
0.400       0.424       0.393       0.030        ---  
0.450       0.489       0.438       0.051        ---  
0.500       0.547       0.476       0.071        ---  
0.550       0.593       0.519       0.074        ---  
0.600       0.626       0.562       0.064        ---  
0.650       0.641       0.609       0.032        ---  
0.700       0.636       0.647       0.011        ---  
0.750       0.607       0.680       0.074        ---  
0.800       0.551       0.720       0.169        ---  
0.850       0.464       0.755       0.291        ---  
0.900       0.344       0.000       0.344        ---  
--------------------------------------------------------------------------------
