      точка  мат.модель  реал.процесс  регул.состав.  случ.состав.
--------------------------------------------------------------------------------       1       1.000       1.050    0.05000         -0.00000
       2       2.000       2.100    0.10000         -0.00001
       3       1.000       1.150    0.15000          0.00009
       4       2.000       2.200    0.20000         -0.00004
--------------------------------------------------------------------------------коэффициенты : A= 0.20000000000 ,B =  1.00000000000, sigma =  0.0685
--------------------------------------------------------------------------------       5       2.000       2.250    0.25000          0.00013
       6       2.200       2.500    0.30000         -0.00004
--------------------------------------------------------------------------------коэффициенты : A= 0.20000000000 ,B =  1.00000000000, sigma =  0.1403
 ...подправка... sigma = 0.14028   0.13694
       0       1.380       1.380    0.00000          0.00012
       8       2.500       2.504    0.00400         -0.00007
       9       2.640       2.644    0.00450         -0.00010
      10       2.780       2.785    0.00500         -0.00009
      11       2.920       2.926    0.00550          0.00025
      12       3.060       3.066    0.00600         -0.00009
      13       3.200       3.206    0.00650         -0.00011
      14       3.340       3.347    0.00700         -0.00008
      15       3.480       3.487    0.00750         -0.00010
      16       3.620       3.628    0.00800         -0.00005
      17       3.760       3.768    0.00850         -0.00011
      18       3.900       3.909    0.00900          0.00038
      19       4.040       4.050    0.00950          0.00036
      20       4.180       4.190    0.01000         -0.00001
      21       4.320       4.330    0.01050         -0.00006
      22       4.460       4.471    0.01100         -0.00001
      23       4.600       4.611    0.01150         -0.00000
      24       4.740       4.752    0.01200          0.00031
      25       4.880       4.893    0.01250          0.00035
      26       5.020       5.033    0.01300         -0.00010
      27       5.160       5.174    0.01350          0.00031
      28       5.300       5.314    0.01400          0.00034
      29       5.440       5.454    0.01450         -0.00013
      30       5.580       5.595    0.01500         -0.00016
      31       5.720       5.736    0.01550          0.00044
      32       5.860       5.877    0.01600          0.00052
      33       6.000       6.017    0.01650          0.00034
      34       6.140       6.157    0.01700          0.00042
      35       6.280       6.297    0.01750         -0.00000
      36       6.420       6.439    0.01800          0.00063
      37       6.560       6.579    0.01850          0.00049
      38       6.700       6.719    0.01900         -0.00010
      39       6.840       6.860    0.01950          0.00054
      40       6.980       7.001    0.02000          0.00060
      41       7.120       7.140    0.02050         -0.00020
      42       7.260       7.281    0.02100          0.00046
      43       7.400       7.422    0.02150          0.00065
      44       7.540       7.562    0.02200         -0.00021
      45       7.680       7.703    0.02250          0.00074
      46       7.820       7.843    0.02300         -0.00012
      47       7.960       7.983    0.02350         -0.00014
      48       8.100       8.124    0.02400         -0.00040
      49       8.240       8.264    0.02450         -0.00013
      50       8.380       8.406    0.02500          0.00062
      51       8.520       8.545    0.02550         -0.00007
      52       8.660       8.686    0.02600         -0.00005
      53       8.800       8.827    0.02650          0.00070
      54       8.940       8.967    0.02700         -0.00034
      55       9.080       9.107    0.02750         -0.00040
      56       9.220       9.248    0.02800         -0.00046
      57       9.360       9.389    0.02850          0.00077
      58       9.500       9.529    0.02900         -0.00013
      59       9.640       9.669    0.02950         -0.00006
      60       9.780       9.810    0.03000         -0.00019
      61       9.920       9.950    0.03050         -0.00023
      62      10.060      10.091    0.03100         -0.00026
      63      10.200      10.232    0.03150          0.00085
      64      10.340      10.372    0.03200         -0.00033
      65      10.480      10.513    0.03250          0.00073
      66      10.620      10.653    0.03300         -0.00034
      67      10.760      10.793    0.03350         -0.00032
      68      10.900      10.935    0.03400          0.00081
      69      11.040      11.075    0.03450          0.00080
      70      11.180      11.216    0.03500          0.00061
      71      11.320      11.356    0.03550          0.00100
      72      11.460      11.496    0.03600         -0.00013
      73      11.600      11.636    0.03650         -0.00047
      74      11.740      11.777    0.03700         -0.00006
      75      11.880      11.918    0.03750          0.00080
      76      12.020      12.059    0.03800          0.00111
      77      12.160      12.199    0.03850          0.00083
      78      12.300      12.339    0.03900         -0.00034
      79      12.440      12.480    0.03950          0.00091
      80      12.580      12.621    0.04000          0.00084
      81      12.720      12.760    0.04050         -0.00029
      82      12.860      12.901    0.04100         -0.00047
      83      13.000      13.043    0.04150          0.00128
      84      13.140      13.182    0.04200         -0.00007
      85      13.280      13.324    0.04250          0.00115
      86      13.420      13.464    0.04300          0.00094
      87      13.560      13.604    0.04350          0.00091
      88      13.700      13.744    0.04400         -0.00042
      89      13.840      13.885    0.04450          0.00074
      90      13.980      14.024    0.04500         -0.00062
      91      14.120      14.165    0.04550         -0.00049
      92      14.260      14.305    0.04600         -0.00070
      93      14.400      14.448    0.04650          0.00123
      94      14.540      14.587    0.04700         -0.00026
      95      14.680      14.727    0.04750         -0.00072
      96      14.820      14.869    0.04800          0.00132
      97      14.960      15.008    0.04850         -0.00031
      98      15.100      15.150    0.04900          0.00089
      99      15.240      15.290    0.04950          0.00095
     100      15.380      15.431    0.05000          0.00083
    конец ра